13016
17568
19324
13228
20360
13680
20260
12856
18876
13608
14736
15124
19908
16944
18284
12956
16200
14048
20468
15688
13032
17556
14552
13712
16276
18932
13552
14772
15076
19928
16892
18352
12932
16264
14004
20468
17676
19236
15552
14500
18976
12772
13520
14852
15004
13384
19976
12752
16320
20040
14256
15628
13064
17444
12736
19220
14472
13772
20320
12872
19004
12748
13500
20464
13412
20000
16780
18596
12908
20000
13920
14296
15544
17788
19144
13132
14404
13820
20312
12884
19060
18000
13468
20460
13412
20028
16736
12768
16424
19988
14356
20488
13124
17356
12700
17816
13100
14400
13844
12896
19128
17960
12736
19552
13444
16692
12784
18520
12868
16476
15448
13152
17304
12704
19092
14360
20372
12912
19132
15044
20444
13472
20072
16520
13840
20480
15460
17900
19072
13076
15812
14352
20400
17920
12736
19504
13384
15088
20444
13468
16616
12764
18456
16596
19908
17932
19040
13916
20424
15340
13176
19752
17196
18988
13032
15896
19260
19260
17796
15176
20416
14780
13532
16524
12768
18700
18380
12840
20496
13208
17140
18036
18948
15948
20180
13968
20420
12960
19304
17764
17436
19404
15196
20404
13568
20168
18328
16708
13728
14584
20488
15280
18924
13012
20148
14188
14020
20440
17728
12728
19368
13308
20412
16452
12788
18784
12824
16752
13240
19852
12716
18108
18880
13004
20148
14040
20456
12984
17708
13276
15316
12800
18808
12796
16828
19764
13284
19880
12704
18872
14064
15780
13004
17652
12720
17536
19328
20360
13632
12808
18212
16868
19744
13636
13280
19884
12724
18220
18816
16148
14104
15748
19420
17600
20372
14616
20268
16344
18904
12776
19704
13612
14716
15136
13288
18796
12940
16188
20076
14056
20480
12712
17624
13188
15432
20352
14612
16296
12812
18948
19688
14748
15080
13320
18752
12944
16220
14048
14164
20500
12720
17648
13196
20312
14548
13692
16240
19672
13564
20488
13344
19968
12896
16272
14028
14204
12696
17688
19220
15544
20320
12820
19036
18084
17064
19660
14836
20500
13344
20020
12716
12892
16308
13980
20480
12688
19196
15580
20300
12836
19068
18072
12720
13508
14880
20492
13372
20032
12888
16360
20024
14256
20492
13088
17408
12684
19184
15612
20292
12824
19048
18040
12744
19612
13484
14908
20048
18480
18584
12868
20012
14280
20508
13088
19636
12704
20276
14448
13780
20372
12856
19112
17996
17156
19572
20084
16756
18508
18560
15556
17836
19100
14404
20376
12864
19120
12720
17184
13460
14968
20088
16716
12728
18524
12888
16452
13884
14324
17860
19100
15728
14368
19152
17948
17224
19560
15016
20112
12752
18572
12860
20492
15456
13124
17912
19092
15780
14384
13844
16040
12880
13404
15040
20456
13452
20128
16640
14408
15440
13148
19716
17912
13084
15800
20244
14340
13860
19196
17900
13400
20452
13452
20176
16616
16584
19900
14416
15400
13152
17932
19044
15844
20212
19248
17860
12712
19488
13388
16540
12760
18388
16616
15384
13164
17184
12692
18992
14264
13932
20416
12904
19252
17836
17380
15164
20416
14776
16536
12760
18700
18360
16640
13792
14500
15332
18016
18988
13032
20192
13920
17800
17800
12716
19404
13364
15176
14740
16524
12764
18360
12820
20496
20496
15296
19816
12692
18060
18944
13972
20436
15888
19316
12740
15216
20388
13544
20224
16720
19840
14556
20508
13204
18948
13008
20176
14192
17760
12712
19384
13340
15236
16448
18820
12832
16748
19828
14580
15256
19880
17080
18100
13996
20452
15832
19348
17704
12704
19376
13308
16436
18840
16792
19812
13684
20508
15232
18892
12988
20136
14148
14044
20480
17700
12696
19356
13300
20388
13576
20264
16404
18848
12784
16820
19792
13236
19932
12692
18148
14036
20488
12976
19424
15356
20380
14652
13576
16416
12768
18892
16872
19764
13660
20500
13244
19920
14068
20468
17620
12720
17564
19312
13256
15344
14616
13596
12796
18892
18192
19744
13640
18844
12960
20116
19468
12692
17620
19292
20372
14600
13632
16344
12792
18924
19752
13604
20492
13268
19964
16952
18260
18804
20492
15736
13020
17592
20372
13660
20320
16316
12788
16968
13600
13284
19980
12696
18784
16240
20064
14064
20488
12988
19532
17560
17656
20352
14576
20304
12816
19696
14776
15076
13304
16876
18312
18744
12900
20084
14168
20476
15680
19520
12684
14520
13676
20324
12796
19028
17020
19684
13552
20472
13336
20024
16860
18332
12920
20072
14004
14172
12692
17724
13168
15540
20328
13684
20356
12800
13528
14828
15052
20044
12888
16312
20040
13992
20512
12664
17744
19212
15592
20320
14500
20340
16216
19060
18040
17064
19636
14876
14996
13344
12876
16344
13952
14248
15580
12664
17788
13140
15608
20288
19096
18044
17140
19600
14908
14976
20096
16772
12716
12884
16404
13916
14284
20480
13064
17376
12700
17828
15684
14412
13764
20380
19152
17984
17156
19584
14940
20112
12724
18568
16440
20492
15532
13096
19696
12704
17876
13096
14388
20392
12848
19180
12732
13456
14996
14908
13404
16680
12720
12868
16504
19960
14340
20504
13092
17304
17884
14360
13804
20400
12864
13428
20452
13428
20156
16644
15456
15796
20244
14332
20396
12876
19216
12724
13416
15092
20460
14844
20188
16612
18644
16592
19936
20508
15408
13144
17972
19036
15864
14300
20432
12868
19272
13372
15124
20424
13460
20208
12756
16632
19896
14480
20496
13164
19828
12684
18032
14260
13904
20476
12900
19304
17816
17388
15200
20408
14768
20236
12828
16704
15324
19860
17124
18052
18960
13020
14232
13948
12704
17476
19380
13332
20408
20208
16476
12748
18308
12804
16744
15296
19856
12668
18948
16048
20148
14160
17728
12688
19376
13284
15320
14688
20252
16432
12752
16820
13684
14628
15252
13216
18872
18872
12964
20144
14132
14016
20476
12932
17688
12688
19316
13264
15364
16392
12772
18228
16864
15164
13232
19976
16992
12684
18840
12952
14080
20488
12964
17600
12676
17616
19260
15456
14588
13588
16324
16956
19696
13612
14744
20472
13272
16916
12692
18780
12940
16248
14056
14128
17568
12676
19224
15508
12800
18088
19648
13576
20488
15064
18696
12932
20064
14180
20476
15636
19592
12776
19620
13540
14876
15028
20072
18640
12932
19980
13980
14228
17448
12680
17796
13160
15648
20284
13712
12824
19132
18000
12736
17136
13320
20088
12692
18592
16428
13936
14284
17388
12668
17844
13132
15708
12816
19172
12724
19560
13476
15012
20456
13360
18536
12876
16492
19936
14324
15516
13076
19724
12672
19080
13084
20244
12836
19240
17940
17236
13464
20448
14864
20188
18508
12868
16556
13868
14396
12676
17932
13088
20200
12856
12720
17328
19468
15124
20440
14828
12720
18652
18444
12848
19884
13816
20472
13108
17244
12680
17976
13068
20168
14296
13860
15984
12856
17832
17360
19444
13448
20204
16580
12728
18372
12832
20476
13120
17172
12680
20160
14256
13928
15932
12872
17788
12700
19392
15240
20388
13480
20236
12744
12828
16744
19792
19888
12668
18064
18920
16016
20152
13948
12884
19384
17752
12684
19376
13348
14728
13504
16476
12820
16772
13736
20488
15316
13164
17080
12684
18908
16064
14188
20460
15816
19428
17704
17524
19328
20268
12756
18248
16856
19756
13704
20476
15264
19968
12688
18144
16132
14160
19456
17664
17564
13288
15388
20348
20276
16396
12776
18208
12788
19728
14688
20460
18228
18816
12992
20096
14072
20452
12944
19492
12696
17628
13252
20332
13580
12776
16948
19692
14728
20452
13248
16936
12700
18260
12964
20056
14084
15740
19552
12688
19232
13232
20328
16312
12780
12780
16992
19640
14764
15120
18308
14148
20496
15672
19552
17556
19196
13212
15532
14540
13660
20332
17040
19620
13592
15060
20052
16852
18344
18692
16296
14020
14176
15664
19600
17480
17724
13196
15572
20312
13648
17088
19616
14860
15036
13276
20084
18376
18676
12928
19996
13988
20480
13028
19644
13168
15628
20268
13708
20364
12804
19136
18024
12736
17120
14988
13320
16796
18464
13964
14268
20480
15568
19680
15688
20264
13740
16172
12796
17188
13504
14968
20436
13320
20156
16732
18516
12892
19956
13928
20488
13056
17348
12680
19076
13140
16112
12848
17908
12728
17244
14936
13364
20160
16680
18576
12888
19904
13896
14368
17300
12656
19044
13104
20204
13788
16056
19236
17880
12712
19500
15092
14896
13380
18516
18516
12848
13864
14412
17288
12676
17948
13096
15832
14352
13800
16000
17320
19484
13424
15096
14832
19900
13812
14448
20480
19800
17232
12680
19016
13088
20176
15992
12856
19288
12712
17332
19456
15156
13428
20220
16588
18692
18408
12844
19864
14456
17220
12672
19328
17820
19416
13376
15184
20404
13452
16556
12740
18364
12864
19852
13788
17196
12676
18024
18948
15956
14252
13908
15952
12888
19344
19416
13356
20408
14772
18328
19832
13780
17136
12664
18080
13048
20164
12876
17764
12696
19392
13344
15244
14700
13460
16524
18300
16760
19824
14556
20472
12656
12656
18100
18900
13020
16024
12912
19404
12700
17484
19372
13484
20256
16476
18856
18300
16772
13724
20460
15276
19924
17092
12664
20144
14192
20472
15860
12904
17728
19344
13292
20396
13520
18248
12796
16804
13704
14632
20448
13188
17072
18168
20112
14196
13992
12932
14668
13528
20300
12800
16832
19776
13696
20472
12672
18872
16140
20100
14040
20484
15800
19476
17632
17592
19296
15400
20356
20292
16400
12772
18948
12792
16908
13672
20492
15200
20004
12692
20084
14112
14056
20484
15784
12964
17644
17612
19268
20364
12804
12764
16932
19700
13616
20468
15176
19996
16964
14100
14084
20472
12952
19540
17608
19260
14600
13604
20304
16340
12772
16948
20008
12672
18764
12944
16232
14080
20496
12964
19548
17580
13236
15512
14572
13600
16316
12752
19664
14792
20500
13244
16900
12648
14032
14172
20476
12988
13208
20304
14576
13636
20360
20468
15076
18364
18716
12924
20024
14004
19592
12680
19196
13196
16264
12788
19088
18052
12748
20460
15048
20080
18364
18696
17492
15596
20276
14456
20372
16240
19104
12756
17076
13556
15052
13292
16828
12692
18400
12940
16368
20004
15628
19628
17468
12680
19164
13160
20256
20360
12792
17084
19592
14928
20472
13316
18424
18652
12924
19972
13020
19656
17460
15656
14452
13696
20388
12800
17160
13524
14940
15016
15588
13008
17424
12684
19128
13148
20264
14428
13328
20116
18476
18604
12912
17420
12700
19176
17976
17140
19568
13504
14976
14988
13324
16760
18504
18580
12908
14300
20468
13048
17404
12688
19096
13144
15716
16148
12808
12740
17176
19564
20444
14980
13332
18604
18604
12900
19928
13032
17412
12664
19084
15700
20276
14396
16136
19192
17972
12740
17160
13508
14968
13332
16752
18572
12888
19940
13932
20456
17384
12680
19132
13160
20236
13740
20404
16136
19564
19564
13488
20428
14960
13332
16744
18512
18572
14328
20456
17376
17864
19084
13140
20220
16132
12812
19224
12748
17204
19528
15008
14972
18528
16500
13896
14336
20456
15508
19744
15792
20212
14360
16108
12816
17932
17252
19504
13360
20160
12680
18492
14376
20476
15496
19780
12660
17920
19044
13136
12796
16676
12696
12880
12880
16568
13900
14372
15492
12640
19060
15812
20216
13804
20412
12804
19276
17884
17280
19464
15084
13364
20188
12704
18652
12876
