18480
18744
15396
18044
18816
13996
17548
18668
13912
17356
17160
13284
17128
17564
12748
16660
17820
12288
17496
17868
17060
18112
18128
16500
18540
16640
15852
12304
16652
18812
13348
16856
14272
17460
17028
13604
15340
17364
12996
16244
17708
17756
16680
18344
16220
18536
18688
15504
12728
16720
18840
13872
16908
18684
14884
17144
18412
15720
17544
18000
16604
16844
17544
12280
16716
17880
11932
16712
18128
11760
16640
18488
15916
18404
18784
15144
17848
18804
14372
17476
16984
13696
15200
17316
18244
16096
17040
17812
16968
16760
17876
17372
17736
17928
16932
18316
18284
11868
18536
18656
15616
18196
18828
14828
13716
16888
18728
14724
17080
18456
13424
17232
18040
12824
16876
17636
12356
16732
17852
12000
16740
16652
11764
18432
16680
18752
13016
17960
18832
14488
17536
16956
15104
17332
17248
15964
17084
17472
12176
16964
11880
18216
18196
11812
18540
15764
12432
18272
16684
14944
17676
17040
13532
15412
17404
18156
16356
16928
17740
12440
17212
17828
17292
17888
18004
16756
18400
16656
18380
11996
18444
18716
12852
18036
18804
14020
17524
18672
13932
17368
17160
13296
15772
17152
17964
12696
16848
17796
12240
16692
17896
11932
18112
18144
16504
18520
18540
12340
18304
18792
15056
17740
18780
14472
17412
18552
13620
17280
18188
13028
16964
17704
12492
16736
17832
12100
17832
17968
16824
18364
18292
16268
18492
16684
15528
12780
16728
18840
13876
16912
18700
14868
17120
18440
15684
17204
18080
12772
16840
17768
12272
17408
16736
17184
11936
16684
16552
11772
16680
18536
12224
18316
16664
15172
13240
16824
18584
13676
15252
17340
18220
16084
16984
12540
16964
17804
17404
17816
17976
16892
18312
16696
16304
11876
16672
15588
12668
16672
18836
13776
17572
18744
14088
17348
18476
15596
17176
17476
12856
16864
17792
12376
17336
17832
12016
16688
16660
11800
16624
18496
12184
18292
18788
15292
17784
18812
14524
17408
16960
13816
17260
18316
13200
17020
17912
12620
16728
17844
12224
16660
17920
11884
18200
18244
16412
18452
18620
12552
18168
16680
14932
13632
16876
14188
17376
18508
13544
17216
17432
12932
16368
16884
17688
17236
16716
17252
17924
16708
16732
11800
16648
16136
12076
16668
15396
17932
16756
14624
17480
16912
13868
17288
17088
17564
17972
12692
16724
17828
12260
17560
17888
11944
18112
18188
11824
16660
18584
12404
18216
18824
13452
17652
18772
14296
17392
18548
15356
17380
18212
13016
16916
17772
17112
16700
17368
12100
17832
16668
16824
18340
16656
16224
18432
16692
15508
12852
16736
18812
13968
17516
18720
14912
17296
18428
13348
17116
17500
18028
16628
17792
17568
12300
16676
17164
11972
16732
18116
11792
18428
18520
12288
18276
18804
13296
17732
18804
14396
17384
18596
13712
15248
17304
13096
16152
17668
17848
17016
16752
17388
17768
16648
16892
11856
16696
16300
11908
16668
18644
12672
18104
18840
13796
17592
18728
14064
17372
18472
13420
17200
18092
12792
16876
17764
12344
11996
18000
18072
16640
18496
16636
15996
18364
16668
15252
17836
16788
14448
15172
17268
18304
13152
16000
17628
17904
16884
16756
17456
12164
16680
17908
17004
18224
16692
16412
18456
16652
15728
18168
16660
18832
13640
16884
14156
17328
17096
13500
17188
17464
12928
16408
17744
12412
17844
17280
12044
17928
18044
11788
16640
16132
12040
16668
18740
12968
16748
14560
14096
17492
18664
13868
17328
18380
15848
17108
17568
12664
16792
17816
12224
17604
17888
17056
18128
18148
16488
18520
16648
15800
18272
18808
15028
17704
16852
14264
17420
17024
13592
17252
17392
13004
16264
17720
17756
17172
16716
17324
12068
16684
16796
11804
18412
18352
16204
18460
16700
15464
12824
16716
14680
13944
16916
13964
14940
17144
18404
15712
17160
18024
16648
16832
17560
12248
16704
17860
11928
18084
16712
16552
11784
16664
15912
12268
16644
18800
13300
16836
18568
13660
15280
17320
18260
16148
17672
12516
17036
16764
17380
12132
16700
16888
18336
18296
16292
18500
16672
15588
12656
16708
14788
13816
16868
14028
17380
17112
13412
15620
17480
12816
16532
17784
17640
17388
17860
17180
17988
16724
16628
18524
16644
18492
12140
18404
18788
15208
17848
17504
16956
18632
15180
17280
18292
16040
17044
17888
16920
16772
17428
12160
16700
17932
16980
18240
16708
16388
18504
16688
15684
18200
16700
14876
17660
18732
14124
17440
17068
13488
15488
17440
12876
16392
16904
17700
17268
17824
17264
12012
16740
16712
18472
18392
16088
18412
16704
15360
12968
16796
14560
14092
16924
13868
15032
17216
18328
15876
17120
17952
12656
16804
17508
12224
16708
17872
18144
16464
11800
18516
18584
12352
18304
18804
15008
13448
16872
14232
14528
17044
13568
15384
17396
18160
16260
16932
17748
17140
16732
17316
12088
16700
17988
11792
16660
18356
11964
18468
18688
12812
18036
18804
14656
17608
18672
14924
17356
18396
15708
17176
18012
12728
16860
17544
12296
16740
17088
18552
16664
18516
15872
18344
18760
15100
17780
16856
14332
14404
17496
18576
13664
17280
18224
13068
16172
17688
12516
16760
17828
17380
17796
17960
11824
18332
16688
16292
11884
16688
15568
12688
16704
18824
13800
16920
18708
14800
17120
17216
17480
18044
16540
17772
17616
17396
16732
17184
11980
16756
16612
11760
16672
18484
12148
16680
15204
17856
16840
14412
14256
16968
18592
15172
17292
18256
16052
17040
17864
16936
16796
17420
12152
16696
17904
11840
16724
18240
11844
18528
16680
15656
12532
16676
18800
13652
17660
18724
14112
17404
18476
15524
17460
12880
16436
17764
16716
17824
17248
12012
16732
18020
11776
16664
18416
12032
16680
18732
15324
17940
16800
14528
17564
16960
18620
15040
17352
18324
13216
17116
17600
12632
16804
17852
12188
16704
17864
11880
18180
18176
11812
16684
18572
12420
18288
18792
14968
17720
18756
14188
17444
18500
15400
17388
18144
16324
16936
17720
17188
16728
17288
12044
16720
17972
18432
16660
16160
18456
16684
15420
18056
16768
18776
13908
14956
17380
18384
13280
17132
17968
12700
16852
17796
12260
17504
17860
11924
18096
18136
16520
18548
16660
15852
18344
16692
15072
13348
16864
14296
14428
17008
18552
15324
17304
18184
13024
17000
17780
12480
16764
17840
12088
17836
17944
16832
18400
16668
16252
11904
16692
18664
12740
18128
18804
13864
17596
18704
13956
17392
18420
13340
17216
17496
12752
16868
17584
12288
16748
17144
11936
16752
18084
11756
18548
18508
12216
18360
18772
13224
16844
18788
14352
16984
18572
15252
17288
18236
16112
17660
17836
16976
16780
17404
12108
16712
16892
11828
16704
18276
11872
16692
18628
12600
18168
18812
13740
16892
18732
14784
17088
18444
15628
17476
18080
16504
16868
17636
12324
16732
17184
11980
16732
18060
11760
18492
18456
12136
18404
18752
15232
17868
18812
14452
17540
16968
18292
13144
16008
17612
17880
16900
16784
17452
17656
16740
16988
11852
16712
18232
16376
18516
16700
15692
13620
16876
18732
14656
17396
18492
15488
17220
18100
12904
16396
17748
17696
17264
17844
17260
17932
16728
16712
18436
16664
16112
12036
18432
18732
12976
17940
14556
14128
17544
18628
13800
17316
17192
13232
17084
17936
12636
16808
17808
12196
17636
17876
17020
11876
16736
18188
11804
18516
18588
15772
18260
18820
14992
17692
18752
14600
17412
18516
15440
17228
18176
12940
16924
17712
12432
16716
17832
12048
16692
17988
11780
18424
18388
16148
18460
18720
15420
14620
14012
16924
18676
14988
17152
18376
15804
17132
17996
16696
16828
17548
12236
16708
17868
11932
16752
18148
11784
16676
18532
15868
18304
16668
15068
17744
16864
14264
17444
16984
13624
15348
17288
18200
13008
16972
17684
12472
16760
17828
17356
17832
17972
16852
18384
16656
16268
18488
16692
15536
12696
16708
14740
13844
16908
14016
14860
17112
18448
15676
17184
18036
12772
16848
17600
12292
16720
17860
11940
16748
16592
18512
18512
15976
12208
16668
18772
17828
14424
14312
18592
17284
17300
18272
16068
17032
12532
17436
17756
16692
16940
11832
16700
16372
11856
18480
18616
15660
13704
17640
16872
14092
14740
17072
18476
13456
15584
17440
16492
17684
12340
16712
17236
11988
16728
11744
16652
16076
12080
16680
18736
13052
17880
14504
14172
17508
18616
13772
17324
17216
13144
17064
17936
12604
17784
17496
12184
17676
17904
11860
18232
18224
11816
16684
18604
18236
18808
13580
17644
18740
14196
17400
18516
13524
17248
17408
12924
16892
17740
12400
17256
17820
17272
17916
18824
14580
14112
17552
16928
15064
17304
18356
13252
15892
17572
17964
16784
17816
17524
16680
17888
11920
16720
18164
11784
16648
15836
18324
18808
13448
17716
14284
17428
17024
15376
17376
18184
16284
17712
12448
16716
17340
12076
17868
18004
16848
18380
18360
16240
16692
15504
18040
18836
13916
17536
18688
14920
17352
18428
17164
17532
18020
16620
16832
17588
17472
17160
18084
16704
16572
11764
16644
18520
15956
18332
16652
15164
16852
18796
14376
14348
16976
18580
15244
17284
13096
16148
17644
17856
17004
17836
12132
17768
17956
11824
18292
18288
11876
16680
18636
12632
16668
18828
13744
16884
18748
14772
17096
13452
15596
17176
18088
16504
17792
17668
17348
16684
17852
11992
16708
18072
11780
16640
18448
18384
16672
15300
17852
16812
14480
14196
16916
18644
15112
17232
13184
15976
17612
17928
16864
17840
12176
17656
17896
11872
18164
18224
11816
16668
15788
12464
16676
18828
13568
17656
18776
14204
17380
17048
13532
15452
17420
12932
16352
16892
17760
12408
16692
17836
12044
17896
18004
11788
18436
18384
12040
18412
15448
16768
18840
14040
16904
18668
14996
17308
18392
13272
17116
17540
12688
16784
17824
12232
17544
17888
18108
18168
11776
18552
18276
16856
14496
13640
17344
18240
13028
17680
12488
16708
17792
16692
16912
11820
16660
18344
18388
16684
12804
17952
18832
14776
17500
16864
14052
14916
17108
18492
15704
17084
18112
16784
17640
16664
18016
16688
18124
18480
15988
18300
18784
15180
17732
18808
14420
17440
16952
15252
17220
18292
13088
16968
17660
12556
16724
17832
12120
17764
17928
16932
18272
18296
16344
18484
18632
15628
12628
16684
18844
13760
17584
18740
14796
17332
17084
13428
17164
17460
12824
16492
17772
12332
17372
16664
11968
18000
16720
16696
18472
16652
16072
12120
16672
15296
13104
16792
18816
17492
16944
13780
15124
17236
18332
12632
16872
16760
17500
12176
16680
17016
11844
16696
18196
11828
18488
18592
12500
18228
18832
14948
17624
18776
14164
17380
17416
18180
16388
16896
17724
12396
17248
17836
17316
17912
16692
16772
11792
16632
18404
12044
18392
18732
15388
14076
17480
16884
13884
15016
17184
13268
15852
17564
12676
16724
17824
12228
16680
17124
11916
18124
18172
11812
18476
18560
12384
18256
18800
15080
17656
18780
14312
17380
17000
13624
15348
17336
18224
16256
16928
17800
17124
16712
17368
12100
17836
17980
16864
18364
18320
16260
18396
18680
15516
18020
18852
13924
17512
16900
14020
17296
17520
18044
16612
16812
17612
12272
16680
17864
11940
18052
16660
16612
11788
18292
16652
18788
13276
17728
18808
14388
17448
18600
13712
17288
18248
13088
16932
17672
12532
16724
17852
12128
17796
17952
16928
18304
16660
16332
11916
16676
15612
18064
18824
14832
17552
18736
14108
17320
18472
15612
17160
18088
16508
16800
17792
12340
16668
17864
12004
18000
18048
11792
16628
18484
12180
16812
18820
14264
16932
17264
17272
18332
13160
17000
17916
12596
16908
17824
12172
17656
17912
16992
18224
16684
16416
18448
16664
15736
12568
16668
18832
13652
16844
18760
14676
17032
13524
15508
17408
12876
16412
16840
17752
12408
16668
17308
12040
16692
16768
11776
16624
16160
12104
16676
18728
13004
17860
18824
14608
17448
16908
13880
17260
17192
13272
15892
17564
12688
16752
17544
12216
16676
17880
11908
16696
18184
11844
18456
16648
15860
12448
16660
15044
13500
17612
18780
14576
17364
18556
13600
17204
17396
12968
16868
17708
12472
17156
17844
17380
17832
17988
16848
18356
16628
16240
18352
16680
15508
12884
16732
18828
14004
16864
13968
14960
17272
18432
15788
17076
18024
12756
16776
17608
12292
16648
17864
11940
18076
18148
11824
18460
18532
15952
18220
16656
15144
13364
16844
14380
14460
16992
13664
15336
17340
18256
16220
16900
17660
12536
17048
17844
12132
17756
16676
16916
18276
16620
16336
11988
16680
15596
12780
16704
18844
13896
17304
17124
18440
13432
17128
17480
12820
16552
17784
17648
12344
16684
17236
11980
16676
16692
11796
16620
16040
12284
16648
18780
15268
17692
16836
14464
14360
16960
18604
15208
17300
18300
16092
17640
12580
16944
17824
17480
17692
16636
18268
16416
11952
16656
18648
15704
17988
16668
14900
17468
16848
14160
14768
17076
13508
17132
17444
12884
16448
16672
17816
17300
12020
16676
18052
11796
16628
18468
12208
18244
18768
13156
17740
18800
14524
17396
16920
13836
16632
17900
17040
11892
18192
16660
16456
11860
16684
18604
12588
18152
18820
13668
17576
18764
15072
17744
16764
13496
16912
17576
13068
16248
17600
12456
17200
16696
17844
12040
16636
18044
11800
18488
18448
16148
18300
18680
15476
17880
16948
18656
15044
17296
18304
15948
16976
17972
12696
16680
17828
12272
17584
17860
17140
18168
16672
16552
18496
18580
15872
18132
16652
15072
17536
16892
14308
17320
17024
13624
15444
17400
13012
16760
17780
12456
17156
17856
17368
17856
16648
17992
11832
18372
18368
12052
18348
16760
14712
18700
14000
17556
18028
12792
16716
17600
17508
11968
18060
16656
18160
11872
16648
15960
12464
16656
18780
13544
14692
17868
18128
15564
16944
18060
13188
16832
17656
12592
16616
17424
12128
17824
17960
11860
18304
18336
12036
16700
18648
12880
16732
18812
13988
17384
18704
14072
17176
17140
13420
17020
17504
12804
16608
17816
12352
17444
16604
11988
18020
16664
16688
11836
16632
16044
18168
18760
15280
17588
16836
14492
14412
16956
13792
15264
17312
13152
16864
17660
12588
16632
17856
12164
17712
17924
11884
18248
16608
16432
18348
18660
12740
17948
18840
14908
17456
18768
14816
17224
18508
15632
17076
18124
17792
17688
17348
16600
17308
17940
18088
16744
18380
18456
16100
18256
16656
18804
14588
14304
16904
13656
15068
17028
13256
16060
17640
17932
16884
16680
17544
12220
16604
17904
11900
18180
16656
16492
18420
16652
15796
12580
16652
18816
13676
16860
14276
14688
17064
13580
15512
17424
12972
16412
17780
17732
17248
17860
17344
17876
16656
16812
11832
16588
16172
18292
16672
15448
17756
16780
14652
17388
16900
18676
15092
17196
18384
15928
17572
17996
12704
16692
17564
12256
16592
17100
18132
18200
16568
18436
16652
18584
12496
16648
15088
17524
18792
14308
17256
17016
18576
15436
17400
18224
16312
17732
17804
17180
16608
17384
17840
16640
16860
11828
16596
18376
12084
18328
18688
15552
12944
16764
18828
14036
17420
18708
14992
17188
18428
15808
17556
18056
16700
17812
17616
17512
17876
17168
18104
16680
16628
12424
18184
16628
18784
13436
16844
14396
14500
17008
18592
15348
17368
13084
16240
17704
17844
17088
16648
17412
12128
16636
16912
11856
16588
18344
12004
16664
18664
12840
17908
18840
14816
17444
16864
14052
14900
17108
18464
13420
12820
16600
16744
17812
12328
17420
17840
11984
17988
18108
16688
18412
18508
16020
18212
16624
15272
13340
16820
14448
14388
16956
13796
17132
17308
13156
16136
17644
12596
16988
17940
17024
18208
16612
16420
18344
16676
15756
12728
16720
18816
13836
17416
18752
14788
17220
18528
15600
17084
18152
12900
16772
17760
12404
17336
17824
17316
17912
18064
16780
18372
16612
16164
18196
16652
15388
13220
16784
18840
14604
17332
16928
13884
17132
17244
13264
16008
17572
17988
16884
17816
17532
17628
16620
17092
18144
16648
16512
11916
16668
15832
12628
16660
18820
13736
17424
18800
14720
17200
18580
13576
17084
17736
12444
17248
17808
17348
17832
18040
16828
18328
18432
16216
12216
16668
15464
13132
16776
18824
14212
16888
18724
15092
17120
18444
13300
16916
18044
12728
16660
17784
12264
16588
17896
11944
16644
16584
11920
18348
18596
12552
16652
15084
13616
16864
14320
14656
17028
13656
17076
17376
13024
16756
17740
12488
17176
17800
17400
17840
16648
16864
12104
18288
16664
15540
13004
16784
18828
14108
16884
18716
15040
17164
17188
18452
15836
17540
18056
16692
16592
17876
17188
18036
18156
16628
18376
16628
15972
12456
18092
18800
15172
17512
18788
14404
17228
18612
15368
17092
18288
13088
16784
17876
17092
17832
17448
17780
16584
16912
11888
16600
16340
18224
18660
15648
17764
16732
18752
14084
14928
17132
18492
15724
16980
17512
12848
16696
17780
12352
16592
16660
18108
16680
18384
16628
16052
12340
16644
18764
13388
16864
18800
14424
17328
18632
13764
17132
18312
13132
16868
17660
12564
16652
17824
12152
16600
17944
11860
18276
18300
16404
18364
16660
15684
12740
16736
14868
13872
16848
18752
14852
17208
18480
15628
17080
18112
16528
17772
17732
17360
17820
17300
17944
18096
16748
18384
18488
12272
18220
16656
15328
17620
18824
14340
16936
18644
15216
17144
17288
13184
16916
17620
12604
16956
17816
12196
17660
17912
11904
18232
18244
16452
11892
16660
15756
12636
16684
14960
13732
16860
14184
17252
13532
17096
17424
12920
17764
16652
17324
12040
17876
16692
11816
18384
16664
18740
16796
17416
16912
18672
13872
17192
15980
16984
12672
16828
17812
12216
17888
17096
18160
16632
16524
18408
16648
15832
18088
16684
18784
13668
16852
18760
14664
17280
18544
13600
17140
18180
12988
16840
17704
12436
16672
17796
12076
17856
18008
16836
18396
16600
16224
18300
16660
15476
13064
16788
18804
14172
16896
18696
15060
17200
17216
13316
15912
17576
12720
16768
17808
17576
17576
17868
17136
18124
16648
16572
11868
16660
15916
18100
16660
18780
13580
16844
18784
14592
17276
18560
17136
