16804
16784
15320
16020
16376
16796
16796
15372
16552
16292
16856
16768
16432
16188
16532
16888
16804
16792
15284
16612
16212
16776
15632
15584
16468
16228
16412
16880
15264
16096
16348
16708
16868
15388
16512
16520
16304
16860
16824
16612
15864
16672
16416
16800
16792
15292
16364
16576
16776
15584
15596
16664
16224
16880
16800
16408
16200
16724
16784
16776
15840
15424
16528
16324
16864
16784
15336
16664
16180
16612
15308
16428
16584
16260
16836
16836
16784
15524
16640
16220
16900
16812
16648
16356
16756
16780
16768
16492
16240
16876
16792
16528
15956
16380
16176
16884
16792
16036
16272
16816
16680
15488
16664
16452
16196
16260
16624
16236
16780
16796
15692
15540
16592
16812
16520
16024
16356
16656
16872
16796
16532
16284
16280
16864
16832
16652
15796
16668
16176
16876
16784
16344
16212
16844
16844
16752
16404
16892
16808
16432
16112
16652
16368
16856
16788
16780
15872
16512
16244
16320
16824
16644
16416
16192
16584
16876
16820
16160
16380
16608
16308
16692
15572
16664
16456
16436
16900
16404
16172
16352
15832
15436
16564
16488
16280
16888
16824
15904
16672
16196
16588
16888
16412
16296
16808
16848
16764
16692
15676
16656
16772
16364
16252
16704
15988
17216
15120
17188
16524
16228
16420
16236
16208
15896
17020
17176
15480
16928
17164
14620
15620
16368
17060
17056
15944
16764
16892
17012
17104
17024
15088
17208
17248
16328
14388
17032
17168
14632
17120
16688
16076
16972
17032
16708
15776
17148
16336
15892
17052
17048
14380
16852
16832
16028
16836
17120
16984
15212
16480
16240
17048
17244
14376
16428
16672
17044
16628
16084
16984
17020
16604
15892
17116
16296
17224
15732
16928
16804
16020
16892
17012
16916
16292
17060
17236
14348
16964
16748
17040
17108
14824
17172
16592
17028
17212
14476
16044
16228
16536
17044
17064
16752
16004
16916
17184
16836
16400
15896
17060
17232
16020
16084
15944
16772
17068
15068
16172
17024
17024
17236
14416
16192
16588
17072
15492
17092
16932
17168
16764
14624
17188
17068
17228
14368
16800
16804
17036
17004
15084
17224
16520
16212
16304
14396
17032
16180
16632
15392
14644
17120
15960
14556
15780
16440
17060
17064
15796
14384
16888
16044
15972
17204
16472
16240
17048
16988
15940
17044
17104
15288
14740
17188
17220
16588
14512
15932
16288
15892
16504
17052
15696
14408
16960
15996
16904
17020
17148
14772
16424
15920
16112
14352
16600
16924
16132
15936
17040
17088
14896
17192
16588
17032
17204
14452
16080
17072
16548
17052
17096
15580
17060
16740
16008
16900
17160
15916
16360
17072
17232
14336
16892
16084
16788
15064
17192
15912
16168
14412
16224
17056
15912
16592
17056
17096
16408
17052
17232
15908
14364
16816
16076
16828
17116
15924
16220
17040
16300
15928
17040
17136
15376
14652
16656
16076
16984
17180
14556
17136
15904
16444
17084
16892
16800
15976
17008
17112
16944
14848
17180
16476
15916
17056
17056
16980
16152
15896
16504
17076
15696
16980
16004
15416
17200
16424
15900
16304
17076
17060
17240
16088
16604
16136
17036
17096
14880
17196
15944
17024
17224
16120
17064
15900
17192
15592
17052
16740
16020
16800
14700
16376
15888
17052
17052
15968
15936
16784
17040
17032
15036
15036
16524
15916
17028
16608
17060
17180
14564
17108
16688
16052
17036
16708
14616
15704
17176
15904
17068
17220
15892
16820
16860
16056
16996
15164
16488
16968
17044
17180
17148
16316
15900
16444
17216
15784
14400
16048
15992
16848
17040
16468
15896
17064
17236
16196
16520
16972
16148
16688
17108
14768
15972
16092
16988
17208
16580
14536
15956
16268
16492
17064
14444
16976
16020
16000
16880
17128
15412
16428
15916
16272
17072
17236
16608
16912
16132
16744
17120
16584
15948
17020
17032
16480
16208
15912
16540
17088
17180
14520
16008
14692
15552
17156
15908
16356
17056
17228
14336
16756
17048
15056
15028
17208
17028
17036
17212
14432
16232
17036
15924
16608
17092
17152
14576
17100
16680
16032
17168
16728
15704
16344
17192
15908
14352
16832
15972
16808
17044
17128
14960
17204
16488
16212
17048
16284
14408
16632
17048
17132
15360
14692
16656
16080
16976
17124
16456
15936
16236
16196
14372
16512
16676
17048
17116
14784
16096
16992
17048
17192
14504
17096
16476
17092
15672
14444
16780
16028
16900
17044
17152
16884
15428
17068
16112
15924
16716
17104
17060
17184
16568
17032
17060
17188
15920
16540
17092
15584
14528
16704
16024
15992
16920
17136
14692
15584
16364
17072
17080
15996
14360
17048
17104
15056
17032
17056
17188
16368
16248
17016
15912
16584
17100
15476
17096
16688
16712
14644
15720
16364
15896
16828
16060
15960
17052
14952
15164
16496
16204
17044
17060
16384
16980
15932
16620
17068
17124
14672
16616
16064
16972
17044
16660
17128
15904
17056
17076
15800
16932
16804
16940
14836
17200
16452
15920
17052
17220
16164
14356
16960
16152
16680
17072
17112
14780
16596
15948
16996
17176
16572
16000
17072
17096
15676
16984
16032
16880
17048
17156
17188
15920
17064
17068
17216
14360
16116
15944
16724
17064
14908
15956
16128
17000
17072
16468
14468
16240
15900
14520
17052
16016
16020
16936
17040
17144
15576
17168
15876
16336
17080
16752
16868
15944
16748
17112
16508
15960
17028
17204
16376
16208
15928
17148
15456
14608
17100
15988
16936
17148
15896
16384
17080
17184
14368
16832
16084
15980
16824
17124
15168
14396
16396
16624
17048
16628
16628
16076
17068
17164
14572
15848
16304
15876
17068
17192
15808
14404
16908
16052
15984
17044
16944
14860
17204
16456
16264
17064
17208
14376
16508
16156
15916
17108
15276
16992
17056
17200
14504
16000
17088
15912
17076
16732
16056
16884
17076
17112
16408
16284
17072
17208
14340
16900
16136
16728
17108
17060
15176
17176
16128
17056
16480
14476
16140
16540
17084
17156
14520
17036
16004
16916
17044
17152
14708
15596
17076
17208
16876
16104
16760
17056
17044
15048
16516
16140
17020
17068
17196
16204
15924
16572
17068
17084
15480
16044
16932
16732
14640
15728
16344
16396
17064
17200
15908
16844
16824
17044
17124
14948
15172
17184
16500
17076
17236
14416
16388
17116
15960
16060
16952
17152
16648
17132
16292
15916
17084
17196
15780
14408
16908
15992
16828
17036
17124
14836
16644
17028
16744
16144
15912
16520
16540
16704
16508
16316
16204
16824
16948
14860
17012
15864
15792
16808
17056
17332
14164
17392
17348
16872
14356
17508
16424
16264
17172
17484
15868
16876
17104
15760
16788
17252
14784
14708
16068
17096
16348
14064
16248
17308
16572
17200
17160
15296
14180
17392
15760
17100
17412
16788
15548
17448
17124
15772
16992
15892
17260
17108
14740
14848
16608
16200
14088
16368
17264
15676
15168
14304
17452
16812
15740
17048
14252
15716
17436
15600
16460
17156
17432
15660
16884
17096
17076
15004
17532
17136
17492
16152
16540
17204
15700
17340
15052
17460
15708
16000
17068
17100
16580
15628
17196
17156
17444
15552
17228
15840
15844
15184
17504
15668
16216
17156
17492
16048
16688
17152
17288
14952
14512
16684
14132
16028
16196
16508
17204
17168
15432
15816
15868
17088
16916
14404
15340
17500
15628
17488
15932
16776
17236
14836
14668
17504
15680
17116
17108
14080
16200
17296
15656
17200
17168
17404
14168
16844
15908
16992
17388
16408
15640
16336
17136
17484
15836
13980
