22036
20764
21736
21524
21068
14188
20664
13764
10508
15164
22204
20248
13348
12944
10624
16464
22380
19100
22488
11140
12208
19560
22384
16272
10976
12620
20096
12996
20600
21836
15268
10740
13456
21004
21544
13960
21380
21192
10544
14492
21712
20836
13912
10492
15016
22032
20436
13508
10496
15448
22372
20040
10600
22392
19584
12720
10724
22524
19116
12372
10896
17152
22700
17764
22668
18124
11752
22628
17580
11484
11704
17032
11236
12072
19360
16520
11036
19844
22280
15988
10904
12832
21964
15504
10788
13260
14992
10680
21360
14524
10572
14272
21580
20972
10536
21908
20608
10508
15240
22300
20220
10552
15844
22396
19788
10660
16532
22428
17504
22720
18076
22648
17816
11580
11572
18628
22592
17300
11340
19188
22472
16756
11140
19624
22364
16208
10956
12648
20160
22092
15704
10820
13080
20652
21492
14728
10592
14016
21156
10528
14580
21748
20744
22124
20344
19968
13048
10612
22720
18508
12008
11168
17880
22660
18036
18412
22632
17500
11420
11800
11000
12528
19940
22224
15904
10876
12904
13824
21312
21296
14460
14348
21656
20944
15320
22320
20148
22424
19724
12804
16592
22684
18724
12116
11060
17620
22688
18244
11812
11332
22648
17740
11536
11644
22572
17180
11980
19244
22444
16648
16132
10908
12744
20276
22052
15128
10700
14660
10596
14112
21504
14240
10512
14648
20688
10496
10536
15616
22440
19900
10600
16372
19440
10756
16836
18940
12268
10956
17368
18440
11944
11228
17952
17956
11640
18472
22624
11840
19044
22512
19508
22392
16368
12552
20548
21884
15320
10728
13988
10504
14980
21972
12428
17104
22684
12108
17668
22692
18184
11780
11360
18232
22640
22560
17148
11264
12016
19304
22432
16596
11068
12400
19776
22300
16080
10900
12740
13668
21168
21404
14628
10588
14140
21540
21052
14160
19852
12960
10644
16412
22420
19408
12564
10800
16884
22612
18912
12244
10988
17408
22716
18408
11936
11212
22676
17924
11532
22612
17376
11368
11852
19100
22496
11148
12204
16320
10960
12588
20056
22164
15808
20564
21864
15316
14848
10644
13904
21360
14404
10552
10524
15356
22364
10584
16036
22420
19656
10712
16648
11100
17668
22696
18260
18260
22640
17640
11464
11688
18812
19340
22440
16564
12404
19804
20352
22016
15548
10780
13184
20788
21716
21208
21380
14624
10572
14172
21032
14168
10528
14728
21860
20656
13760
20248
13328
10560
15716
22432
19840
10648
16416
19376
12548
10780
22612
18904
12220
11004
17412
11888
17984
22684
11612
18520
22616
17344
11352
11132
12228
19560
22404
10948
12612
20080
22136
10848
12992
20568
15308
10692
13428
21012
21572
10608
14428
21724
20852
13960
15000
22016
20416
13540
15400
22356
20048
10596
16092
22408
22520
19140
12396
10892
17132
22676
18164
11748
18256
22664
22552
17092
11216
12060
19352
16036
16036
10892
12804
20352
22004
15040
10636
14596
14168
10512
14728
21876
20632
13740
16448
22452
19368
16920
22640
18876
10996
17424
22716
18380
11256
17984
17864
11560
11888
19120
22480
16816
11132
19572
22376
16272
10956
20120
10728
13444
21032
21544
10580
13948
21428
21188
10532
14460
20848
13948
10500
15012
20396
13508
10520
20020
13116
10600
16128
22424
19604
12732
16692
22536
19120
18604
12048
11120
17736
22688
18120
11736
11408
17596
11480
11736
18856
11240
12068
10872
12828
20368
10764
13224
20844
14208
21588
21012
14744
21900
20592
13744
15232
22228
20208
13316
15728
16456
22428
19348
12568
10804
22628
18872
12204
22712
18368
11260
18012
22672
11584
11576
18528
22492
16808
16268
10972
12616
22136
15240
10704
13484
21020
21532
10596
13964
14364
10536
13928
10496
15040
22044
13488
22428
19576
12700
10760
16720
22532
12356
10924
11148
17776
22692
18084
18900
22520
19420
22416
16492
11016
19884
22248
15984
12856
21256
21352
14548
10568
14264
21616
20980
20168
13276
10556
15832
22432
19756
12852
10664
16524
19296
12184
11028
17536
22720
18308
11316
11936
19192
22456
16736
11096
12308
22348
10928
12672
20172
22108
10808
13068
20660
21800
15200
10692
13532
21060
14004
21448
21144
14304
10520
15056
22092
20356
13456
10628
16204
10924
17228
22720
18572
22700
18036
11708
11468
22660
17532
22428
16492
11000
15464
10740
13272
20880
21676
14964
10652
14532
10540
14276
21612
20952
14112
10504
14836
21920
13684
10488
22244
13264
10680
16500
10836
16968
22652
18788
11052
22720
18280
11304
18084
17780
11564
11644
18636
17260
11316
11956
19684
22356
16200
10924
20200
22096
10780
13108
20664
21080
21476
14732
14024
21784
20752
13864
10496
15068
22084
22408
19964
13044
10624
16208
22452
19500
12676
22724
18568
11992
11176
17816
22688
18040
11716
11460
18352
11200
12120
19432
22428
16456
11008
12480
19900
22264
15940
12848
20428
15472
10744
13272
20844
21648
14984
10636
13760
14256
21636
20980
14112
10512
14812
21928
20576
10496
15272
22252
20184
13288
10556
15804
22456
19784
18064
22672
17800
11568
18596
22604
17276
11332
11900
19192
22496
16744
11108
12268
19624
22360
16240
10944
12648
20148
22128
15728
10816
13064
21824
15236
10680
21076
21076
21516
14764
10576
14000
21436
14336
10536
14520
20792
13908
10504
15064
22064
20384
13492
10500
15484
22396
13076
10604
16172
22456
19556
12680
10732
16728
22540
19064
12348
10916
22640
17532
11440
11736
18896
22552
17004
19408
19408
22420
16492
10992
12464
19896
22268
15972
10860
12832
20424
21960
15480
10740
13268
20856
21672
15008
10632
13756
21272
21328
14532
10536
14240
21608
20984
14128
10500
14804
20576
13692
10488
15260
22248
20184
13288
10540
15780
22460
19780
12888
10664
16472
22472
19320
12516
10836
16956
22660
18836
12180
11024
17476
22716
18344
11868
11260
18044
22680
17816
11568
11572
18588
22612
17300
11336
11912
19144
22476
16768
11116
12256
19624
22356
16252
10936
20120
22132
15744
10816
13048
20608
21836
15260
10708
13492
21036
21540
14780
10616
13964
21428
14336
10504
14500
21748
20804
13928
10496
15036
22048
20392
13508
10492
15436
22380
20000
13128
10576
16096
22452
19596
12376
10912
17144
22684
18620
12056
11116
17704
22692
18112
11744
11416
18264
22668
17600
11488
11720
22572
17064
11228
12060
19372
22432
16524
11032
12400
19836
22280
16032
10868
12820
22024
15544
10756
13216
20800
21700
15032
10664
13676
21244
21360
14620
10544
14176
21032
14172
10484
14720
21912
20628
13752
10488
15224
22228
20252
13332
10516
15692
22448
19840
12952
10636
16384
22452
19380
12584
10800
16872
22632
18892
12248
10976
17380
18400
18400
11924
11252
17944
22692
17892
11628
11528
18492
22640
17384
11372
11868
19084
22516
16820
11124
12212
19552
22396
16324
10964
12576
20076
22156
15784
10800
13000
20560
21880
15304
10708
21004
21568
14832
10604
13880
21396
21212
14384
10528
14460
21736
20868
10504
10504
22028
20412
13548
10492
15408
22360
20060
13120
10596
16044
22448
19620
12756
10732
16648
19128
12416
10884
17120
22696
18660
12064
11100
17700
22728
18152
11792
11376
18220
22680
17628
11484
18788
22572
17080
11256
12040
19324
22440
16564
11020
12416
22288
16060
10856
12780
20316
22040
15556
10760
13208
20804
21724
15072
10660
13660
21384
14608
10544
14180
21568
21044
14176
10500
14712
21876
20660
13768
10484
15208
20224
12940
10640
16412
22464
19388
12572
10784
16880
22644
18876
12232
17404
22724
18384
11912
11244
17972
22672
17880
11616
11540
22632
17356
11360
19080
22496
16820
11140
12220
19580
22412
16292
10948
12612
22176
15800
10828
20576
20576
21868
15304
10724
13428
20992
21568
14844
10604
13936
21212
14400
20832
13952
10492
14976
22020
20440
13536
10504
15416
22348
20040
13128
10588
16076
22440
19596
12752
10740
16664
22520
19140
12388
11116
17716
22708
18140
11780
11408
18260
22652
17616
11720
18808
22560
11240
12052
19348
22432
16572
11036
12412
19816
22316
16036
10860
12808
13236
21204
21388
14616
10552
14188
21560
21884
20644
13760
10492
20240
13352
10536
16872
22632
18868
10972
17392
22720
18404
11932
11232
17968
22692
17336
11360
11860
19092
22500
16808
11136
19580
16304
10812
13012
20580
21868
10692
13424
21024
10592
13940
21412
21212
10520
14468
21748
13948
10504
15428
22364
20020
19100
12388
17144
22700
18620
12060
17692
22704
18120
11776
11400
22660
17592
11472
11716
22560
17048
11244
19352
22460
16540
11036
22292
16040
10872
12808
20360
21736
15048
10672
13660
21216
21404
14600
10548
21564
14168
10500
21872
20628
10480
15220
22220
20224
13328
12928
10640
16400
22484
19368
12588
10796
16880
22628
12244
10996
22720
18396
11256
11560
18504
22624
17340
11888
19076
22508
11124
12232
19592
12608
20080
22164
15764
12992
20572
21876
15300
10692
13444
21400
21208
14388
10532
14440
22012
20432
13536
10500
15428
22368
20020
10592
22452
19140
12392
10884
17160
18108
11760
11420
18240
22672
17604
11484
18804
22572
17072
11220
19340
16560
11028
12428
19836
22292
16024
10744
13248
20796
21564
21024
14764
21896
20624
13744
10460
15220
20232
13308
16420
22460
19352
12568
10792
16900
18864
12232
10988
18000
22688
17848
11600
11552
18544
22636
11348
11880
22492
16800
11092
12256
22384
16280
10932
12640
20104
22160
15772
21856
15272
10696
13472
21024
21552
14796
13972
10480
15008
13504
10500
15460
22708
18608
12040
11112
17716
22700
18100
11772
11396
18296
22652
17596
11456
11748
18864
22556
17036
12084
19368
22436
16512
12432
19824
16004
12860
20356
20816
20816
21716
15020
10660
21232
21364
14576
10540
14228
21904
20580
13748
10460
15240
22220
20220
10544
22456
19796
22460
19332
12552
10808
16940
18852
12216
11000
17448
22704
18340
11260
18024
22664
17844
11564
18584
17320
11340
11900
19148
22492
16764
10908
12652
20128
22148
15756
10720
13480
21036
21552
10580
13964
15028
22036
20428
15472
22368
20032
10596
16096
19592
16684
22536
19108
10900
17728
22708
18108
11748
11408
18244
22668
11460
18804
22428
16532
11008
19848
22284
22004
15508
14200
21572
